   3.3953594e+00	
   2.5908606e+00	
   2.5987414e+00	
   2.6686835e+00	
   2.5255157e+00	
   2.5498148e+00	
   2.6762359e+00	
   2.4900522e+00	
   2.6151597e+00	
   2.6663849e+00	
   2.5209186e+00	
   2.6506233e+00	
   2.6476680e+00	
   2.4624694e+00	
   2.6880571e+00	
   2.6236973e+00	
   2.4838132e+00	
   2.7136697e+00	
   2.5665615e+00	
   2.6213987e+00	
   2.6762359e+00	
   2.5113960e+00	
   2.6499666e+00	
   2.6598176e+00	
   2.4821714e+00	
   2.7379688e+00	
   2.6332199e+00	
   2.4972762e+00	
   2.7231923e+00	
   2.6355185e+00	
   2.5054854e+00	
   2.7116995e+00	
   2.5948010e+00	
   2.5856068e+00	
   2.7409241e+00	
   2.5902039e+00	
   2.6765643e+00	
   2.6926542e+00	
   2.4995748e+00	
   2.7491333e+00	
   2.6791912e+00	
   2.5343816e+00	
   2.7363270e+00	
   2.6388021e+00	
   2.5987414e+00	
   2.7274611e+00	
   2.5153364e+00	
   2.7530737e+00	
   2.6926542e+00	
   2.5757558e+00	
   2.7648949e+00	
   2.6184434e+00	
   2.7126846e+00	
   2.7432227e+00	
   2.5622928e+00	
   2.7632530e+00	
   2.6949528e+00	
   2.6686835e+00	
   2.7921493e+00	
   2.6499666e+00	
   2.6874004e+00	
   2.7665367e+00	
   2.5432475e+00	
   2.7773728e+00	
   2.7333717e+00	
   2.6115477e+00	
   2.8085676e+00	
   2.6368319e+00	
   2.7428943e+00	
   2.7511035e+00	
   2.5645913e+00	
   2.8167768e+00	
   2.6463546e+00	
   2.7708055e+00	
   2.7908358e+00	
   2.6066222e+00	
   2.8092243e+00	
   2.7231923e+00	
   2.6749224e+00	
   2.8108662e+00	
   2.6322348e+00	
   2.7783579e+00	
   2.8085676e+00	
   2.6207420e+00	
   2.8335235e+00	
   2.7337000e+00	
   2.6496382e+00	
   2.8345086e+00	
   2.6768926e+00	
   2.8463298e+00	
   2.8046272e+00	
   2.6585041e+00	
   2.8492851e+00	
   2.7307447e+00	
   2.7721189e+00	
   2.8397624e+00	
   2.6617878e+00	
   2.8801515e+00	
   2.7632530e+00	
   2.7616112e+00	
   2.8542106e+00	
   2.6571906e+00	
   2.8725991e+00	
   2.8013435e+00	
   2.6745941e+00	
   2.8909876e+00	
   2.7399390e+00	
   2.8125080e+00	
   2.8410759e+00	
   2.6443844e+00	
   2.8771962e+00	
   2.7872238e+00	
   2.7100576e+00	
   2.8706289e+00	
   2.6949528e+00	
   2.8663601e+00	
   2.8249859e+00	
   2.6276377e+00	
   2.8900025e+00	
   2.7428943e+00	
   2.9083911e+00	
   2.8440312e+00	
   2.6867436e+00	
   2.9116747e+00	
   2.7248341e+00	
   2.8919727e+00	
   2.8289263e+00	
   2.7386255e+00	
   2.9001819e+00	
   2.7222072e+00	
   2.9064209e+00	
   2.8650467e+00	
   2.7215505e+00	
   2.9044507e+00	
   2.6982364e+00	
   2.9087194e+00	
   2.8637332e+00	
   2.7350135e+00	
   2.9241527e+00	
   2.7708055e+00	
   2.8909876e+00	
   2.8959131e+00	
   2.7031619e+00	
   2.9474667e+00	
   2.7379688e+00	
   2.9435263e+00	
   2.9041223e+00	
   2.7711338e+00	
   2.9428696e+00	
   2.7405957e+00	
   2.9333470e+00	
   2.8627481e+00	
   2.7937911e+00	
   2.9766914e+00	
   2.8092243e+00	
   2.8860621e+00	
   2.9080627e+00	
   2.7386255e+00	
   2.9707808e+00	
   2.8088960e+00	
   2.9080627e+00	
   2.9277647e+00	
   2.7639098e+00	
   2.9540341e+00	
   2.8640616e+00	
   2.7885372e+00	
   2.9461533e+00	
   2.7727757e+00	
   2.9937664e+00	
   2.8368071e+00	
   2.9067492e+00	
   2.9346604e+00	
   2.7658800e+00	
   2.9842438e+00	
   2.8200604e+00	
   2.9858856e+00	
   2.9241527e+00	
   2.7681785e+00	
   2.9753779e+00	
   2.8013435e+00	
   2.9990203e+00	
   2.9120031e+00	
   2.8102094e+00	
   2.9868707e+00	
   2.8236725e+00	
   2.9927813e+00	
   2.9041223e+00	
   2.8489567e+00	
   2.9757063e+00	
   2.7957613e+00	
   3.0154387e+00	
   2.9001819e+00	
   2.9228392e+00	
   2.9655269e+00	
   2.7694920e+00	
   3.0111699e+00	
   2.8765395e+00	
   2.9809601e+00	
   2.9645418e+00	
   2.8197321e+00	
   3.0098564e+00	
   2.8108662e+00	
   3.0026324e+00	
   2.9034656e+00	
   2.9957366e+00	
   2.9871991e+00	
   2.8735842e+00	
   3.0269315e+00	
   2.8210455e+00	
   3.0259464e+00	
   2.9599447e+00	
   2.9188988e+00	
   2.9871991e+00	
   2.8154633e+00	
   3.0407229e+00	
   2.8456730e+00	
   3.0430215e+00	
   2.9320335e+00	
   2.9832587e+00	
   2.9977068e+00	
   2.9303917e+00	
   3.0262748e+00	
   2.8289263e+00	
   3.0479470e+00	
   2.8591361e+00	
   3.0748731e+00	
   2.9106896e+00	
   3.0111699e+00	
   2.9579745e+00	
   2.9188988e+00	
   3.0387527e+00	
   2.8597928e+00	
   3.0719178e+00	
   2.8634048e+00	
   3.0752014e+00	
   2.9136449e+00	
   2.9849005e+00	
   2.9990203e+00	
   2.8854054e+00	
   3.0797986e+00	
   2.8666885e+00	
   3.0827539e+00	
   2.9238243e+00	
   3.0502456e+00	
   2.9704524e+00	
   2.9635567e+00	
   3.0390811e+00	
   2.8804799e+00	
   3.0880078e+00	
   2.8893458e+00	
   3.0995006e+00	
   2.9077343e+00	
   3.0722461e+00	
   3.0059160e+00	
   2.9868707e+00	
   3.0584547e+00	
   2.8850770e+00	
   3.0906347e+00	
   2.8972266e+00	
   3.0929333e+00	
   2.9625716e+00	
   3.0275882e+00	
   3.0275882e+00	
   3.0137968e+00	
   3.0430215e+00	
   2.8955848e+00	
   3.0781567e+00	
   2.8653750e+00	
   3.1057396e+00	
   2.9228392e+00	
   3.0975304e+00	
   2.9474667e+00	
   3.1123069e+00	
   2.9885126e+00	
   3.0200358e+00	
   3.0236478e+00	
   2.8617630e+00	
   3.0804553e+00	
   2.8670169e+00	
   3.1050828e+00	
   2.8765395e+00	
   3.1093516e+00	
   2.9284215e+00	
   3.0906347e+00	
   2.9898260e+00	
   3.0371109e+00	
   3.0663355e+00	
   2.9931097e+00	
   3.0958886e+00	
   2.8877040e+00	
   3.1149338e+00	
   2.8840919e+00	
   3.1205161e+00	
   2.9474667e+00	
   3.1267551e+00	
   3.0016473e+00	
   3.1044261e+00	
   3.0725745e+00	
   3.0377676e+00	
   3.0926049e+00	
   2.9514071e+00	
   3.1195310e+00	
   2.9264513e+00	
   3.1372628e+00	
   2.9701240e+00	
   3.1054112e+00	
   3.0318570e+00	
   3.0334988e+00	
   3.0906347e+00	
   2.9448398e+00	
   3.1326657e+00	
   2.9366306e+00	
   3.1523677e+00	
   2.9678255e+00	
   3.1441585e+00	
   3.0065728e+00	
   3.1103367e+00	
   3.0528725e+00	
   3.0742163e+00	
   3.0962169e+00	
   2.9724226e+00	
   3.1303671e+00	
   2.9589596e+00	
   3.1310238e+00	
   2.9244811e+00	
   3.1661591e+00	
   2.9504220e+00	
   3.1822491e+00	
   3.0325137e+00	
   3.1303671e+00	
   3.0732312e+00	
   3.0098564e+00	
   3.1031126e+00	
   2.9734077e+00	
   3.1402181e+00	
   2.9438547e+00	
   3.1720697e+00	
   3.0098564e+00	
   3.1664875e+00	
   3.0312003e+00	
   3.1549946e+00	
   3.0604249e+00	
   3.1635322e+00	
   3.1070530e+00	
   3.0499172e+00	
   3.1231430e+00	
   2.9560043e+00	
   3.1349642e+00	
   2.9471384e+00	
   3.1454720e+00	
   2.9734077e+00	
   3.1556514e+00	
   2.9684822e+00	
   3.1592634e+00	
   2.9267796e+00	
   3.1658307e+00	
   2.9701240e+00	
   3.1930852e+00	
   3.0210209e+00	
   3.1970256e+00	
   3.0417080e+00	
   3.1829058e+00	
   3.0942467e+00	
   3.1671442e+00	
   3.1146055e+00	
   3.1435018e+00	
   3.1352926e+00	
   3.1668158e+00	
   3.1523677e+00	
   3.1178891e+00	
   3.1195310e+00	
   3.1182175e+00	
   3.1260983e+00	
   3.1385763e+00	
   3.1293820e+00	
   3.1047545e+00	
   3.1553230e+00	
   3.1031126e+00	
   3.1658307e+00	
   3.0305435e+00	
   3.1536812e+00	
   3.0706043e+00	
   3.1904583e+00	
   3.0551711e+00	
   3.1786371e+00	
   3.0489321e+00	
   3.1907866e+00	
   3.0289017e+00	
   3.1855328e+00	
   3.0584547e+00	
   3.2150858e+00	
   3.0377676e+00	
   3.2311758e+00	
   3.0364541e+00	
   3.2242801e+00	
   3.0236478e+00	
   3.2206680e+00	
   3.0374392e+00	
   3.2324893e+00	
   3.0679774e+00	
   3.2265787e+00	
   3.0502456e+00	
   3.2262503e+00	
   3.0203642e+00	
   3.2525197e+00	
   3.0633802e+00	
   3.2653260e+00	
   3.0545143e+00	
   3.2469374e+00	
   3.0403945e+00	
   3.2462807e+00	
   3.0364541e+00	
   3.2626990e+00	
   3.0466335e+00	
   3.2610572e+00	
   3.0656788e+00	
   3.2364297e+00	
   3.0545143e+00	
   3.2315042e+00	
   3.0863659e+00	
   3.1868462e+00	
   3.1740399e+00	
   3.1976823e+00	
   3.1983391e+00	
   3.1418599e+00	
   3.2718933e+00	
   3.1027843e+00	
   3.2902819e+00	
   3.1080381e+00	
   3.2833862e+00	
   3.1011424e+00	
   3.2741919e+00	
   3.0758582e+00	
   3.2804309e+00	
   3.0561562e+00	
   3.2850280e+00	
   3.0640370e+00	
   3.2912670e+00	
   3.0679774e+00	
   3.2827294e+00	
   3.0476186e+00	
   3.2850280e+00	
   3.0683057e+00	
   3.2948790e+00	
   3.0995006e+00	
   3.2886401e+00	
   3.1444869e+00	
   3.2751770e+00	
   3.1855328e+00	
   3.2492360e+00	
   3.2712366e+00	
   3.2098319e+00	
   3.3231186e+00	
   3.1543379e+00	
   3.3149094e+00	
   3.1086949e+00	
   3.3214768e+00	
   3.1001573e+00	
   3.3487313e+00	
   3.0995006e+00	
   3.3365817e+00	
   3.1106651e+00	
   3.3539852e+00	
   3.1533528e+00	
   3.3300143e+00	
   3.1234714e+00	
   3.3040733e+00	
   3.1503975e+00	
   3.2909386e+00	
   3.2429970e+00	
   3.2528480e+00	
   3.3214768e+00	
   3.2101603e+00	
   3.3365817e+00	
   3.1349642e+00	
   3.3667915e+00	
   3.1474422e+00	
   3.3523433e+00	
   3.1773236e+00	
   3.3359249e+00	
   3.2252652e+00	
   3.2919237e+00	
   3.2912670e+00	
   3.2571168e+00	
   3.3497164e+00	
   3.2475942e+00	
   3.3694184e+00	
   3.2443105e+00	
   3.3815680e+00	
   3.2223099e+00	
   3.3789411e+00	
   3.1907866e+00	
   3.3940460e+00	
   3.1615620e+00	
   3.3684333e+00	
   3.1881597e+00	
   3.3484029e+00	
   3.2938939e+00	
   3.2755054e+00	
   3.3874786e+00	
   3.2209964e+00	
   3.3983147e+00	
   3.1789654e+00	
   3.3750007e+00	
   3.2633558e+00	
   3.3415072e+00	
   3.3395370e+00	
   3.2640125e+00	
   3.4150615e+00	
   3.1940703e+00	
   3.4180168e+00	
   3.2098319e+00	
   3.4068523e+00	
   3.2649976e+00	
   3.3671198e+00	
   3.4012701e+00	
   3.3093272e+00	
   3.4357486e+00	
   3.2357729e+00	
   3.4433011e+00	
   3.2403701e+00	
   3.4222856e+00	
   3.2886401e+00	
   3.4025835e+00	
   3.4144048e+00	
   3.3434774e+00	
   3.4593911e+00	
   3.2656544e+00	
   3.4597195e+00	
   3.2498927e+00	
   3.4557791e+00	
   3.2495644e+00	
   3.4416592e+00	
   3.3543135e+00	
   3.4308231e+00	
   3.4055388e+00	
   3.3795978e+00	
   3.4314799e+00	
   3.2932372e+00	
   3.4810633e+00	
   3.2640125e+00	
   3.4843470e+00	
   3.3201633e+00	
   3.4580776e+00	
   3.4055388e+00	
   3.3694184e+00	
   3.5148852e+00	
   3.2981627e+00	
   3.5047058e+00	
   3.3727021e+00	
   3.4199870e+00	
   3.5175121e+00	
   3.3457760e+00	
   3.5273632e+00	
   3.2919237e+00	
   3.4964966e+00	
   3.3644929e+00	
   3.4567642e+00	
   3.5129150e+00	
   3.3809113e+00	
   3.5359007e+00	
   3.3247605e+00	
   3.5290050e+00	
   3.3300143e+00	
   3.5024072e+00	
   3.4656301e+00	
   3.4275394e+00	
   3.5565879e+00	
   3.3319845e+00	
   3.5152136e+00	
   3.3832098e+00	
   3.4738393e+00	
   3.5582297e+00	
   3.3727021e+00	
   3.5523191e+00	
   3.3434774e+00	
   3.4912427e+00	
   3.5112732e+00	
   3.3815680e+00	
   3.5585581e+00	
   3.3411788e+00	
   3.5490354e+00	
   3.4387039e+00	
   3.4863172e+00	
   3.5487071e+00	
   3.4245841e+00	
   3.5815438e+00	
   3.3621943e+00	
   3.5657822e+00	
   3.4419876e+00	
   3.5070044e+00	
   3.5789169e+00	
   3.4488833e+00	
   3.5762900e+00	
   3.3457760e+00	
   3.5707077e+00	
   3.5733346e+00	
   3.4669435e+00	
   3.5966487e+00	
   3.3707319e+00	
   3.5923800e+00	
   3.4738393e+00	
   3.5365575e+00	
   3.5940218e+00	
   3.4075090e+00	
   3.6321125e+00	
   3.4406741e+00	
   3.5848275e+00	
   3.5171838e+00	
   3.5125866e+00	
   3.6285004e+00	
   3.4416592e+00	
   3.6413068e+00	
   3.4350919e+00	
   3.5989473e+00	
   3.5559312e+00	
   3.4728542e+00	
   3.6373663e+00	
   3.4183452e+00	
   3.5923800e+00	
   3.6009175e+00	
   3.4741676e+00	
   3.6580535e+00	
   3.4600478e+00	
   3.5753048e+00	
   3.5710361e+00	
   3.4501968e+00	
   3.6383515e+00	
   3.4682570e+00	
   3.5805587e+00	
   3.6455755e+00	
   3.4748244e+00	
   3.6432770e+00	
   3.4515103e+00	
   3.5851559e+00	
   3.6252167e+00	
   3.5079895e+00	
   3.6692180e+00	
   3.4584060e+00	
   3.6196345e+00	
   3.5621701e+00	
   3.5073328e+00	
   3.6869499e+00	
   3.4758095e+00	
   3.6061714e+00	
   3.6807109e+00	
   3.5155419e+00	
   3.6774272e+00	
   3.4442862e+00	
   3.6071565e+00	
   3.6731584e+00	
   3.5207958e+00	
   3.7099356e+00	
   3.4715407e+00	
   3.6452472e+00	
   3.6386798e+00	
   3.5795736e+00	
   3.7030399e+00	
   3.4781080e+00	
   3.6807109e+00	
   3.6462323e+00	
   3.6156941e+00	
   3.6974577e+00	
   3.4859889e+00	
   3.6803825e+00	
   3.6091267e+00	
   3.6255451e+00	
   3.7319363e+00	
   3.5250646e+00	
   3.6695464e+00	
   3.7105924e+00	
   3.5024072e+00	
   3.7105924e+00	
   3.7115775e+00	
   3.5684091e+00	
   3.7414590e+00	
   3.5500205e+00	
   3.6636358e+00	
   3.7260257e+00	
   3.5145568e+00	
   3.7348916e+00	
   3.7020548e+00	
   3.6068281e+00	
   3.7539369e+00	
   3.5523191e+00	
   3.7000846e+00	
   3.7174881e+00	
   3.5391844e+00	
   3.7460561e+00	
   3.7036966e+00	
   3.6239033e+00	
   3.7680568e+00	
   3.5877828e+00	
   3.6649492e+00	
   3.7608327e+00	
   3.5608567e+00	
   3.7427724e+00	
   3.7440859e+00	
   3.6176643e+00	
   3.7903858e+00	
   3.6209480e+00	
   3.6774272e+00	
   3.7765943e+00	
   3.5713644e+00	
   3.7279959e+00	
   3.7854603e+00	
   3.6189778e+00	
   3.7677284e+00	
   3.7004130e+00	
   3.6514862e+00	
   3.7903858e+00	
   3.5844991e+00	
   3.7178165e+00	
   3.7949829e+00	
   3.6094551e+00	
   3.7916992e+00	
   3.7023832e+00	
   3.6889201e+00	
   3.8133715e+00	
   3.5822006e+00	
   3.7450710e+00	
   3.7680568e+00	
   3.5979622e+00	
   3.7792213e+00	
   3.7611610e+00	
   3.6347394e+00	
   3.7779078e+00	
   3.6610088e+00	
   3.6413068e+00	
   3.7956397e+00	
   3.6590386e+00	
   3.6862931e+00	
   3.8281481e+00	
   3.5959920e+00	
   3.7552504e+00	
   3.7851319e+00	
   3.6038728e+00	
   3.7871021e+00	
   3.7894007e+00	
   3.6409784e+00	
   3.7700270e+00	
   3.8035205e+00	
   3.6281720e+00	
   3.7989233e+00	
   3.7138760e+00	
   3.6623223e+00	
   3.8215807e+00	
   3.7552504e+00	
   3.7043534e+00	
   3.8192822e+00	
   3.7473696e+00	
   3.6698748e+00	
   3.8196105e+00	
   3.7447426e+00	
   3.7013981e+00	
   3.8389842e+00	
   3.7293093e+00	
   3.7394887e+00	
   3.8360289e+00	
   3.6367096e+00	
   3.7220852e+00	
   3.8511339e+00	
   3.7476979e+00	
   3.7440859e+00	
   3.8550743e+00	
   3.6905619e+00	
   3.7621461e+00	
   3.8547459e+00	
   3.6413068e+00	
   3.7598476e+00	
   3.8645970e+00	
   3.7050101e+00	
   3.7677284e+00	
   3.8550743e+00	
   3.6547698e+00	
   3.7854603e+00	
   3.8330736e+00	
   3.6518145e+00	
   3.8202673e+00	
   3.8560594e+00	
   3.6908903e+00	
   3.8662388e+00	
   3.6922038e+00	
   3.7286526e+00	
   3.8639402e+00	
   3.6954874e+00	
   3.7568922e+00	
   3.9023593e+00	
   3.6790691e+00	
   3.7798780e+00	
   3.8852841e+00	
   3.6718450e+00	
   3.7710121e+00	
   3.8806870e+00	
   3.6695464e+00	
   3.8077893e+00	
   3.9056430e+00	
   3.6580535e+00	
   3.7752808e+00	
   3.8764182e+00	
   3.6577251e+00	
   3.7664149e+00	
   3.8823288e+00	
   3.6974577e+00	
   3.7825049e+00	
   3.9000607e+00	
   3.6452472e+00	
   3.8081176e+00	
   3.8971054e+00	
   3.6692180e+00	
   3.8314318e+00	
   3.8994040e+00	
   3.6859648e+00	
   3.8232226e+00	
   3.9040011e+00	
   3.6685613e+00	
   3.8127148e+00	
   3.9105685e+00	
   3.7204434e+00	
   3.8514622e+00	
   3.9020309e+00	
   3.7036966e+00	
   3.8196105e+00	
   3.9043295e+00	
   3.7582057e+00	
   3.8061474e+00	
   3.9230465e+00	
   3.7788929e+00	
   3.7933411e+00	
   3.9220614e+00	
   3.8189538e+00	
   3.7736390e+00	
   3.9296138e+00	
   3.7972815e+00	
   3.8324169e+00	
   3.9417635e+00	
   3.7332498e+00	
   3.8540892e+00	
   3.9315841e+00	
   3.7532802e+00	
   3.8127148e+00	
   3.9430769e+00	
   3.8015503e+00	
   3.8274914e+00	
   3.9588386e+00	
   3.7503249e+00	
   3.8498204e+00	
   3.9371663e+00	
   3.7736390e+00	
   3.8274914e+00	
   3.9673762e+00	
   3.8301183e+00	
   3.8064758e+00	
   3.9782123e+00	
   3.7654298e+00	
   3.8517906e+00	
   3.9788691e+00	
   3.7920276e+00	
   3.8570445e+00	
   3.9785407e+00	
   3.8317601e+00	
   3.8245360e+00	
   3.9870783e+00	
   3.8077893e+00	
   3.8599998e+00	
   3.9864216e+00	
   3.8104162e+00	
   3.8846274e+00	
   3.9857648e+00	
   3.8087744e+00	
   3.8494920e+00	
   3.9801826e+00	
   3.8288048e+00	
   3.7903858e+00	
   3.9624507e+00	
   3.9877350e+00	
   3.8074609e+00	
   3.9417635e+00	
   3.9808393e+00	
   3.7618178e+00	
   3.9279720e+00	
   3.9972577e+00	
   3.7933411e+00	
   3.8714927e+00	
   4.0034967e+00	
   3.7900574e+00	
   3.8757615e+00	
   4.0031683e+00	
   3.8619700e+00	
   3.8314318e+00	
   3.9828095e+00	
   3.9923322e+00	
   3.8064758e+00	
   3.9568684e+00	
   4.0120343e+00	
   3.7772511e+00	
   3.8678806e+00	
   3.9811677e+00	
   4.0281243e+00	
   3.8077893e+00	
   3.9854365e+00	
   4.0166314e+00	
   3.7851319e+00	
   3.9122103e+00	
   4.0353484e+00	
   3.9933173e+00	
   3.8777317e+00	
   4.0133478e+00	
   4.0018549e+00	
   3.8412828e+00	
   4.0163031e+00	
   4.0520952e+00	
   3.8235509e+00	
   3.9913471e+00	
   4.0668718e+00	
   3.8885678e+00	
   3.9368379e+00	
   4.0543938e+00	
   3.9791975e+00	
   3.8685374e+00	
   4.0488115e+00	
   4.0409307e+00	
   3.8445665e+00	
   3.9667195e+00	
   4.0616179e+00	
   4.0018549e+00	
   3.8800303e+00	
   4.0202435e+00	
   4.0878874e+00	
   3.8941501e+00	
   3.9755854e+00	
   4.0813200e+00	
   3.9453755e+00	
   3.9003891e+00	
   4.0685136e+00	
   4.0954399e+00	
   3.9200912e+00	
   4.0041534e+00	
   4.0983952e+00	
   3.9200912e+00	
   3.9220614e+00	
   4.0629314e+00	
   4.1125150e+00	
   3.9417635e+00	
   4.0136761e+00	
   4.1249930e+00	
   3.9332259e+00	
   3.9233749e+00	
   4.0573491e+00	
   4.1197391e+00	
   3.9250167e+00	
   4.0222137e+00	
   4.1295902e+00	
   3.9342110e+00	
   3.9466890e+00	
   4.0704839e+00	
   4.1213810e+00	
   3.9338826e+00	
   3.9755854e+00	
   4.0914994e+00	
   4.1499490e+00	
   3.9332259e+00	
   4.0583342e+00	
   4.1368143e+00	
   3.9814960e+00	
   3.9617939e+00	
   4.1177689e+00	
   4.1591434e+00	
   3.9480025e+00	
   4.0563640e+00	
   4.1440384e+00	
   4.1332022e+00	
   3.9365096e+00	
   4.0993803e+00	
   4.1506058e+00	
   4.0869023e+00	
   3.9660627e+00	
   4.1417398e+00	
   4.1863979e+00	
   4.0225421e+00	
   4.0100641e+00	
   4.1607852e+00	
   4.1676809e+00	
   3.9814960e+00	
   4.1046342e+00	
   4.2129958e+00	
   4.1558597e+00	
   4.0146612e+00	
   4.1535611e+00	
   4.1844277e+00	
   4.0474981e+00	
   4.0386321e+00	
   4.1939504e+00	
   4.2034731e+00	
   4.0658867e+00	
   4.0717973e+00	
   4.2241603e+00	
   4.1502774e+00	
   4.0169598e+00	
   4.1151420e+00	
   3.3681049e+00	
   3.4387039e+00	
   3.4275394e+00	
   3.4373905e+00	
   3.4511819e+00	
   3.4350919e+00	
   3.4403458e+00	
   3.4570925e+00	
   3.4373905e+00	
   3.4429727e+00	
   3.4495401e+00	
   3.4367337e+00	
   3.4498684e+00	
   3.4482266e+00	
   3.4380472e+00	
   3.4547939e+00	
   3.4419876e+00	
   3.4419876e+00	
   3.4554507e+00	
   3.4337784e+00	
   3.4446146e+00	
   3.4511819e+00	
   3.4436295e+00	
   3.4551223e+00	
   3.4426444e+00	
   3.4400174e+00	
   3.4557791e+00	
   3.4433011e+00	
   3.4396890e+00	
   3.4630031e+00	
   3.4433011e+00	
   3.4449429e+00	
   3.4593911e+00	
   3.4416592e+00	
   3.4455997e+00	
   3.4597195e+00	
   3.4442862e+00	
   3.4554507e+00	
   3.4518386e+00	
   3.4439578e+00	
   3.4659584e+00	
   3.4413309e+00	
   3.4488833e+00	
   3.4607046e+00	
   3.4469131e+00	
   3.4538088e+00	
   3.4590627e+00	
   3.4488833e+00	
   3.4656301e+00	
   3.4511819e+00	
   3.4508535e+00	
   3.4662868e+00	
   3.4495401e+00	
   3.4593911e+00	
   3.4682570e+00	
   3.4508535e+00	
   3.4721974e+00	
   3.4478982e+00	
   3.4528237e+00	
   3.4715407e+00	
   3.4501968e+00	
   3.4607046e+00	
   3.4630031e+00	
   3.4567642e+00	
   3.4728542e+00	
   3.4518386e+00	
   3.4534805e+00	
   3.4721974e+00	
   3.4534805e+00	
   3.4715407e+00	
   3.4613613e+00	
   3.4584060e+00	
   3.4758095e+00	
   3.4554507e+00	
   3.4666152e+00	
   3.4597195e+00	
   3.4577493e+00	
   3.4741676e+00	
   3.4584060e+00	
   3.4633315e+00	
   3.4702272e+00	
   3.4570925e+00	
   3.4630031e+00	
   3.4659584e+00	
   3.4564358e+00	
   3.4790931e+00	
   3.4603762e+00	
   3.4626748e+00	
   3.4787648e+00	
   3.4570925e+00	
   3.4754811e+00	
   3.4603762e+00	
   3.4610329e+00	
   3.4813917e+00	
   3.4620180e+00	
   3.4702272e+00	
   3.4662868e+00	
   3.4643166e+00	
   3.4774513e+00	
   3.4607046e+00	
   3.4676003e+00	
   3.4771229e+00	
   3.4636599e+00	
   3.4761378e+00	
   3.4626748e+00	
   3.4636599e+00	
   3.4797499e+00	
   3.4626748e+00	
   3.4748244e+00	
   3.4741676e+00	
   3.4676003e+00	
   3.4843470e+00	
   3.4649733e+00	
   3.4708840e+00	
   3.4781080e+00	
   3.4659584e+00	
   3.4794215e+00	
   3.4712123e+00	
   3.4695705e+00	
   3.4850038e+00	
   3.4646450e+00	
   3.4830336e+00	
   3.4698989e+00	
   3.4692421e+00	
   3.4853321e+00	
   3.4662868e+00	
   3.4892725e+00	
   3.4666152e+00	
   3.4751527e+00	
   3.4810633e+00	
   3.4649733e+00	
   3.4859889e+00	
   3.4662868e+00	
   3.4748244e+00	
   3.4853321e+00	
   3.4721974e+00	
   3.4876307e+00	
   3.4653017e+00	
   3.4715407e+00	
   3.4876307e+00	
   3.4676003e+00	
   3.4830336e+00	
   3.4702272e+00	
   3.4718691e+00	
   3.4807350e+00	
   3.4666152e+00	
   3.4807350e+00	
   3.4662868e+00	
   3.4721974e+00	
   3.4810633e+00	
   3.4715407e+00	
   3.4859889e+00	
   3.4662868e+00	
   3.4669435e+00	
   3.4820485e+00	
   3.4689138e+00	
   3.4777797e+00	
   3.4728542e+00	
   3.4702272e+00	
   3.4869740e+00	
   3.4633315e+00	
   3.4754811e+00	
   3.4715407e+00	
   3.4679286e+00	
   3.4836903e+00	
   3.4662868e+00	
   3.4738393e+00	
   3.4672719e+00	
   3.4656301e+00	
   3.4790931e+00	
   3.4649733e+00	
   3.4751527e+00	
   3.4695705e+00	
   3.4659584e+00	
   3.4758095e+00	
   3.4626748e+00	
   3.4761378e+00	
   3.4630031e+00	
   3.4659584e+00	
   3.4781080e+00	
   3.4630031e+00	
   3.4810633e+00	
   3.4593911e+00	
   3.4639882e+00	
   3.4715407e+00	
   3.4623464e+00	
   3.4820485e+00	
   3.4593911e+00	
   3.4682570e+00	
   3.4659584e+00	
   3.4593911e+00	
   3.4754811e+00	
   3.4597195e+00	
   3.4712123e+00	
   3.4643166e+00	
   3.4613613e+00	
   3.4751527e+00	
   3.4577493e+00	
   3.4735109e+00	
   3.4574209e+00	
   3.4649733e+00	
   3.4682570e+00	
   3.4587344e+00	
   3.4777797e+00	
   3.4580776e+00	
   3.4741676e+00	
   3.4544656e+00	
   3.4649733e+00	
   3.4620180e+00	
   3.4564358e+00	
   3.4735109e+00	
   3.4524954e+00	
   3.4718691e+00	
   3.4531521e+00	
   3.4570925e+00	
   3.4633315e+00	
   3.4521670e+00	
   3.4676003e+00	
   3.4478982e+00	
   3.4636599e+00	
   3.4478982e+00	
   3.4620180e+00	
   3.4488833e+00	
   3.4492117e+00	
   3.4498684e+00	
   3.4469131e+00	
   3.4659584e+00	
   3.4446146e+00	
   3.4633315e+00	
   3.4429727e+00	
   3.4561074e+00	
   3.4429727e+00	
   3.4449429e+00	
   3.4469131e+00	
   3.4387039e+00	
   3.4574209e+00	
   3.4406741e+00	
   3.4574209e+00	
   3.4390323e+00	
   3.4410025e+00	
   3.4429727e+00	
   3.4360770e+00	
   3.4492117e+00	
   3.4373905e+00	
   3.4564358e+00	
   3.4364054e+00	
   3.4465848e+00	
   3.4357486e+00	
   3.4341068e+00	
   3.4367337e+00	
   3.4344352e+00	
   3.4465848e+00	
   3.4324650e+00	
   3.4465848e+00	
   3.4301664e+00	
   3.4383756e+00	
   3.4258976e+00	
   3.4321366e+00	
   3.4364054e+00	
   3.4262260e+00	
   3.4449429e+00	
   3.4275394e+00	
   3.4410025e+00	
   3.4199870e+00	
   3.4373905e+00	
   3.4209721e+00	
   3.4308231e+00	
   3.4334501e+00	
   3.4219572e+00	
   3.4347635e+00	
   3.4222856e+00	
   3.4344352e+00	
   3.4153899e+00	
   3.4347635e+00	
   3.4193303e+00	
   3.4308231e+00	
   3.4150615e+00	
   3.4252409e+00	
   3.4137480e+00	
   3.4199870e+00	
   3.4094792e+00	
   3.4137480e+00	
   3.4209721e+00	
   3.4130913e+00	
   3.4321366e+00	
   3.4101360e+00	
   3.4265543e+00	
   3.4052105e+00	
   3.4186735e+00	
   3.4032403e+00	
   3.4124345e+00	
   3.4140764e+00	
   3.4065239e+00	
   3.4199870e+00	
   3.4012701e+00	
   3.4206437e+00	
   3.3999566e+00	
   3.4190019e+00	
   3.3979864e+00	
   3.4111211e+00	
   3.3986431e+00	
   3.4048821e+00	
   3.4012701e+00	
   3.3966729e+00	
   3.4065239e+00	
   3.3956878e+00	
   3.4104643e+00	
   3.3943743e+00	
   3.4091509e+00	
   3.3881354e+00	
   3.3996282e+00	
   3.3914190e+00	
   3.3897772e+00	
   3.3986431e+00	
   3.3871503e+00	
   3.4091509e+00	
   3.3855084e+00	
   3.4061956e+00	
   3.3818964e+00	
   3.3992998e+00	
   3.3802545e+00	
   3.3897772e+00	
   3.3835382e+00	
   3.3841949e+00	
   3.3887921e+00	
   3.3832098e+00	
   3.3887921e+00	
   3.3766425e+00	
   3.3930609e+00	
   3.3763141e+00	
   3.3914190e+00	
   3.3746723e+00	
   3.3917474e+00	
   3.3700752e+00	
   3.3809113e+00	
   3.3713886e+00	
   3.3740156e+00	
   3.3851801e+00	
   3.3700752e+00	
   3.3904339e+00	
   3.3690900e+00	
   3.3901056e+00	
   3.3667915e+00	
   3.3845233e+00	
   3.3631794e+00	
   3.3812396e+00	
   3.3658064e+00	
   3.3753290e+00	
   3.3641645e+00	
   3.3769709e+00	
   3.3598958e+00	
   3.3727021e+00	
   3.3589107e+00	
   3.3730305e+00	
   3.3635078e+00	
   3.3664631e+00	
   3.3746723e+00	
   3.3612092e+00	
   3.3684333e+00	
   3.3556270e+00	
   3.3733588e+00	
   3.3579256e+00	
   3.3779560e+00	
   3.3562837e+00	
   3.3756574e+00	
   3.3543135e+00	
   3.3730305e+00	
   3.3500447e+00	
   3.3713886e+00	
   3.3523433e+00	
   3.3720454e+00	
   3.3503731e+00	
   3.3710603e+00	
   3.3516866e+00	
   3.3664631e+00	
   3.3487313e+00	
   3.3641645e+00	
   3.3493880e+00	
   3.3638362e+00	
   3.3500447e+00	
   3.3608809e+00	
   3.3447909e+00	
   3.3605525e+00	
   3.3447909e+00	
   3.3566121e+00	
   3.3434774e+00	
   3.3536568e+00	
   3.3438058e+00	
   3.3539852e+00	
   3.3408505e+00	
   3.3497164e+00	
   3.3395370e+00	
   3.3503731e+00	
   3.3415072e+00	
   3.3464327e+00	
   3.3411788e+00	
   3.3477462e+00	
   3.3392086e+00	
   3.3464327e+00	
   3.3382235e+00	
   3.3477462e+00	
   3.3375668e+00	
   3.3464327e+00	
   3.3418356e+00	
   3.3431490e+00	
   3.3372384e+00	
   3.3438058e+00	
   3.3395370e+00	
   3.3395370e+00	
   3.3385519e+00	
   3.3431490e+00	
   3.3369101e+00	
   3.3398654e+00	
   3.3359249e+00	
   3.3428207e+00	
   3.3306711e+00	
   3.3457760e+00	
   3.3349398e+00	
   3.3503731e+00	
   3.3316562e+00	
   3.3510298e+00	
   3.3303427e+00	
   3.3470894e+00	
   3.3349398e+00	
   3.3556270e+00	
   3.3352682e+00	
   3.3477462e+00	
   3.3336264e+00	
   3.3408505e+00	
   3.3313278e+00	
   3.3382235e+00	
   3.3365817e+00	
   3.3401937e+00	
   3.3388803e+00	
   3.3326413e+00	
   3.3369101e+00	
   3.3293576e+00	
   3.3326413e+00	
   3.3346115e+00	
   3.3355966e+00	
   3.3332980e+00	
   3.3372384e+00	
   3.3280441e+00	
   3.3385519e+00	
   3.3257456e+00	
   3.3415072e+00	
   3.3257456e+00	
   3.3434774e+00	
   3.3309994e+00	
   3.3474178e+00	
   3.3309994e+00	
   3.3447909e+00	
   3.3296860e+00	
   3.3401937e+00	
   3.3287009e+00	
   3.3398654e+00	
   3.3303427e+00	
   3.3385519e+00	
   3.3290292e+00	
   3.3332980e+00	
   3.3329696e+00	
   3.3277158e+00	
   3.3306711e+00	
   3.3277158e+00	
   3.3408505e+00	
   3.3309994e+00	
   3.3401937e+00	
   3.3326413e+00	
   3.3464327e+00	
   3.3300143e+00	
   3.3421639e+00	
   3.3300143e+00	
   3.3451192e+00	
   3.3303427e+00	
   3.3428207e+00	
   3.3329696e+00	
   3.3342831e+00	
   3.3401937e+00	
   3.3267307e+00	
   3.3424923e+00	
   3.3273874e+00	
   3.3526717e+00	
   3.3323129e+00	
   3.3497164e+00	
   3.3352682e+00	
   3.3461043e+00	
   3.3342831e+00	
   3.3405221e+00	
   3.3359249e+00	
   3.3467611e+00	
   3.3352682e+00	
   3.3408505e+00	
   3.3349398e+00	
   3.3319845e+00	
   3.3428207e+00	
   3.3323129e+00	
   3.3477462e+00	
   3.3342831e+00	
   3.3546419e+00	
   3.3385519e+00	
   3.3388803e+00	
   3.3411788e+00	
   3.3332980e+00	
   3.3503731e+00	
   3.3362533e+00	
   3.3562837e+00	
   3.3411788e+00	
   3.3467611e+00	
   3.3428207e+00	
   3.3349398e+00	
   3.3454476e+00	
   3.3352682e+00	
   3.3526717e+00	
   3.3382235e+00	
   3.3579256e+00	
   3.3424923e+00	
   3.3533284e+00	
   3.3418356e+00	
   3.3418356e+00	
   3.3457760e+00	
   3.3392086e+00	
   3.3530000e+00	
   3.3421639e+00	
   3.3589107e+00	
   3.3405221e+00	
   3.3612092e+00	
   3.3424923e+00	
   3.3507015e+00	
   3.3461043e+00	
   3.3464327e+00	
   3.3530000e+00	
   3.3418356e+00	
   3.3559554e+00	
   3.3401937e+00	
   3.3625227e+00	
   3.3454476e+00	
   3.3654780e+00	
   3.3467611e+00	
   3.3592390e+00	
   3.3523433e+00	
   3.3441341e+00	
   3.3543135e+00	
   3.3434774e+00	
   3.3605525e+00	
   3.3461043e+00	
   3.3694184e+00	
   3.3520149e+00	
   3.3497164e+00	
   3.3572688e+00	
   3.3507015e+00	
   3.3671198e+00	
   3.3510298e+00	
   3.3638362e+00	
   3.3549703e+00	
   3.3559554e+00	
   3.3628511e+00	
   3.3526717e+00	
   3.3658064e+00	
   3.3526717e+00	
   3.3684333e+00	
   3.3559554e+00	
   3.3615376e+00	
   3.3612092e+00	
   3.3585823e+00	
   3.3694184e+00	
   3.3530000e+00	
   3.3690900e+00	
   3.3569405e+00	
   3.3605525e+00	
   3.3671198e+00	
   3.3598958e+00	
   3.3740156e+00	
   3.3598958e+00	
   3.3664631e+00	
   3.3641645e+00	
   3.3605525e+00	
   3.3769709e+00	
   3.3628511e+00	
   3.3736872e+00	
   3.3648213e+00	
   3.3585823e+00	
   3.3727021e+00	
   3.3572688e+00	
   3.3845233e+00	
   3.3625227e+00	
   3.3809113e+00	
   3.3667915e+00	
   3.3651496e+00	
   3.3750007e+00	
   3.3608809e+00	
   3.3838666e+00	
   3.3648213e+00	
   3.3818964e+00	
   3.3727021e+00	
   3.3667915e+00	
   3.3815680e+00	
   3.3677766e+00	
   3.3815680e+00	
   3.3687617e+00	
   3.3690900e+00	
   3.3786127e+00	
   3.3671198e+00	
   3.3868219e+00	
   3.3697468e+00	
   3.3700752e+00	
   3.3727021e+00	
   3.3648213e+00	
   3.3864935e+00	
   3.3671198e+00	
   3.3884637e+00	
   3.3713886e+00	
   3.3789411e+00	
   3.3782843e+00	
   3.3644929e+00	
   3.3864935e+00	
   3.3671198e+00	
   3.3891205e+00	
   3.3786127e+00	
   3.3690900e+00	
   3.3858368e+00	
   3.3733588e+00	
   3.3805829e+00	
   3.3769709e+00	
   3.3694184e+00	
   3.3920758e+00	
   3.3727021e+00	
   3.3848517e+00	
   3.3795978e+00	
   3.3690900e+00	
   3.3901056e+00	
   3.3733588e+00	
   3.3815680e+00	
   3.3799262e+00	
   3.3756574e+00	
   3.3917474e+00	
   3.3769709e+00	
   3.3815680e+00	
   3.3769709e+00	
   3.3723737e+00	
   3.3864935e+00	
   3.3750007e+00	
   3.3878070e+00	
   3.3763141e+00	
   3.3713886e+00	
   3.3884637e+00	
   3.3759858e+00	
   3.3802545e+00	
   3.3795978e+00	
   3.3730305e+00	
   3.3904339e+00	
   3.3776276e+00	
   3.3795978e+00	
   3.3750007e+00	
   3.3687617e+00	
   3.3878070e+00	
   3.3743439e+00	
   3.3832098e+00	
   3.3779560e+00	
   3.3723737e+00	
   3.3861652e+00	
   3.3707319e+00	
   3.3881354e+00	
   3.3782843e+00	
   3.3753290e+00	
   3.3861652e+00	
   3.3723737e+00	
   3.3841949e+00	
   3.3772992e+00	
   3.3677766e+00	
   3.3907623e+00	
   3.3782843e+00	
   3.3789411e+00	
   3.3894488e+00	
   3.3707319e+00	
   3.3789411e+00	
   3.3769709e+00	
   3.3681049e+00	
   3.3933892e+00	
   3.3756574e+00	
   3.3740156e+00	
   3.3828815e+00	
   3.3687617e+00	
   3.3825531e+00	
   3.3723737e+00	
   3.3704035e+00	
   3.3868219e+00	
   3.3753290e+00	
   3.3743439e+00	
   3.3799262e+00	
   3.3664631e+00	
   3.3766425e+00	
   3.3753290e+00	
   3.3661347e+00	
   3.3861652e+00	
   3.3727021e+00	
   3.3681049e+00	
   3.3841949e+00	
   3.3644929e+00	
   3.3681049e+00	
   3.3746723e+00	
   3.3644929e+00	
   3.3861652e+00	
   3.3681049e+00	
   3.3654780e+00	
   3.3835382e+00	
   3.3671198e+00	
   3.3641645e+00	
   3.3766425e+00	
   3.3638362e+00	
   3.3776276e+00	
   3.3684333e+00	
   3.3638362e+00	
   3.3822247e+00	
   3.3658064e+00	
   3.3618660e+00	
   3.3713886e+00	
   3.3572688e+00	
   3.3733588e+00	
   3.3615376e+00	
   3.3592390e+00	
   3.3772992e+00	
   3.3608809e+00	
   3.3615376e+00	
   3.3697468e+00	
   3.3539852e+00	
   3.3589107e+00	
   3.3644929e+00	
   3.3562837e+00	
   3.3651496e+00	
   3.3625227e+00	
   3.3526717e+00	
   3.3671198e+00	
   3.3559554e+00	
   3.3484029e+00	
   3.3677766e+00	
   3.3559554e+00	
   3.3536568e+00	
   3.3644929e+00	
   3.3497164e+00	
   3.3474178e+00	
   3.3648213e+00	
   3.3447909e+00	
   3.3523433e+00	
   3.3608809e+00	
   3.3493880e+00	
   3.3559554e+00	
   3.3520149e+00	
   3.3438058e+00	
   3.3454476e+00	
   3.3569405e+00	
   3.3408505e+00	
   3.3480745e+00	
   3.3536568e+00	
   3.3441341e+00	
   3.3536568e+00	
   3.3441341e+00	
   3.3378952e+00	
   3.3536568e+00	
   3.3428207e+00	
   3.3398654e+00	
   3.3559554e+00	
   3.3434774e+00	
   3.3359249e+00	
   3.3474178e+00	
   3.3421639e+00	
   3.3280441e+00	
   3.3533284e+00	
   3.3359249e+00	
   3.3352682e+00	
   3.3484029e+00	
   3.3349398e+00	
   3.3273874e+00	
   3.3451192e+00	
   3.3336264e+00	
   3.3270590e+00	
   3.3441341e+00	
   3.3316562e+00	
   3.3273874e+00	
   3.3411788e+00	
   3.3231186e+00	
   3.3296860e+00	
   3.3313278e+00	
   3.3224619e+00	
   3.3388803e+00	
   3.3283725e+00	
   3.3181931e+00	
   3.3395370e+00	
   3.3224619e+00	
   3.3175364e+00	
   3.3309994e+00	
   3.3247605e+00	
   3.3195066e+00	
   3.3329696e+00	
   3.3214768e+00	
   3.3126109e+00	
   3.3287009e+00	
   3.3132676e+00	
   3.3132676e+00	
   3.3313278e+00	
   3.3152378e+00	
   3.3135960e+00	
   3.3214768e+00	
   3.3178647e+00	
   3.3053868e+00	
   3.3224619e+00	
   3.3132676e+00	
   3.3050584e+00	
   3.3283725e+00	
   3.3112974e+00	
   3.3067003e+00	
   3.3191782e+00	
   3.3083421e+00	
   3.3014464e+00	
   3.3198350e+00	
   3.3096556e+00	
   3.3011180e+00	
   3.3224619e+00	
   3.3083421e+00	
   3.2998045e+00	
   3.3139243e+00	
   3.3089988e+00	
   3.2988194e+00	
   3.3152378e+00	
   3.3057152e+00	
   3.2998045e+00	
   3.3135960e+00	
   3.3063719e+00	
   3.2984911e+00	
   3.3057152e+00	
   3.3076854e+00	
   3.2955358e+00	
   3.3126109e+00	
   3.3040733e+00	
   3.2899535e+00	
   3.3145811e+00	
   3.2961925e+00	
   3.2909386e+00	
   3.3106407e+00	
   3.2991478e+00	
   3.2935656e+00	
   3.3053868e+00	
   3.3007896e+00	
   3.2860131e+00	
   3.3063719e+00	
   3.2945507e+00	
   3.2906103e+00	
   3.3050584e+00	
   3.2922521e+00	
   3.2912670e+00	
   3.3017747e+00	
   3.2948790e+00	
   3.2850280e+00	
   3.2955358e+00	
   3.2909386e+00	
   3.2860131e+00	
   3.3063719e+00	
   3.2906103e+00	
   3.2827294e+00	
   3.2991478e+00	
   3.2883117e+00	
   3.2827294e+00	
   3.2971776e+00	
   3.2902819e+00	
   3.2837146e+00	
   3.2978343e+00	
   3.2889684e+00	
   3.2791174e+00	
   3.2942223e+00	
   3.2899535e+00	
   3.2804309e+00	
   3.2971776e+00	
   3.2879833e+00	
   3.2856848e+00	
   3.2843713e+00	
   3.2932372e+00	
   3.2850280e+00	
   3.2778039e+00	
   3.2975060e+00	
   3.2856848e+00	
   3.2850280e+00	
   3.2968492e+00	
   3.2869982e+00	
   3.2797741e+00	
   3.2925805e+00	
   3.2883117e+00	
   3.2794458e+00	
   3.2968492e+00	
   3.2873266e+00	
   3.2827294e+00	
   3.2889684e+00	
   3.2935656e+00	
   3.2830578e+00	
   3.2810876e+00	
   3.2981627e+00	
   3.2873266e+00	
   3.2801025e+00	
   3.2886401e+00	
   3.2975060e+00	
   3.2810876e+00	
   3.2797741e+00	
   3.2958641e+00	
   3.2869982e+00	
   3.2810876e+00	
   3.2935656e+00	
   3.2938939e+00	
   3.2801025e+00	
   3.2869982e+00	
   3.2919237e+00	
   3.2846997e+00	
   3.2889684e+00	
   3.3014464e+00	
   3.2850280e+00	
   3.2797741e+00	
   3.3017747e+00	
   3.2879833e+00	
   3.2817443e+00	
   3.2968492e+00	
   3.2912670e+00	
   3.2840429e+00	
   3.2837146e+00	
   3.2968492e+00	
   3.2846997e+00	
   3.2840429e+00	
   3.3027599e+00	
   3.2935656e+00	
   3.2869982e+00	
   3.2833862e+00	
   3.2965209e+00	
   3.2863415e+00	
   3.2840429e+00	
   3.3021031e+00	
   3.2896252e+00	
   3.2863415e+00	
   3.2952074e+00	
   3.2981627e+00	
   3.2869982e+00	
   3.2807592e+00	
   3.3004613e+00	
   3.2925805e+00	
   3.2860131e+00	
   3.2975060e+00	
   3.3014464e+00	
   3.2922521e+00	
   3.2837146e+00	
   3.2961925e+00	
   3.2935656e+00	
   3.2883117e+00	
   3.2938939e+00	
   3.3021031e+00	
   3.2935656e+00	
   3.2876550e+00	
   3.2968492e+00	
   3.2948790e+00	
   3.2869982e+00	
   3.2942223e+00	
   3.3076854e+00	
   3.2952074e+00	
   3.2915954e+00	
   3.2906103e+00	
   3.3070286e+00	
   3.2942223e+00	
   3.2886401e+00	
   3.3034166e+00	
   3.3027599e+00	
   3.2952074e+00	
   3.2984911e+00	
   3.3149094e+00	
   3.3017747e+00	
   3.2938939e+00	
   3.3004613e+00	
   3.3096556e+00	
   3.3014464e+00	
   3.2968492e+00	
   3.3145811e+00	
   3.3139243e+00	
   3.3017747e+00	
   3.3001329e+00	
   3.3185215e+00	
   3.3073570e+00	
   3.3007896e+00	
   3.3076854e+00	
   3.3218052e+00	
   3.3109690e+00	
   3.3030882e+00	
   3.3201633e+00	
   3.3109690e+00	
   3.3063719e+00	
   3.3083421e+00	
   3.3247605e+00	
   3.3126109e+00	
   3.3070286e+00	
   3.3185215e+00	
   3.3218052e+00	
   3.3142527e+00	
   3.3044017e+00	
   3.3211484e+00	
   3.3201633e+00	
   3.3165513e+00	
   3.3119541e+00	
   3.3260739e+00	
