348,97	2395,00
349,77	2394,00
350,56	2395,00
351,36	2394,00
352,16	2396,00
352,96	2394,00
353,75	2396,00
354,55	2394,00
355,35	2396,00
356,14	2395,00
356,94	2397,00
357,74	2395,00
358,53	2396,00
359,33	2396,00
360,13	2398,00
360,92	2398,00
361,72	2397,00
362,52	2398,00
363,31	2398,00
364,11	2393,00
364,90	2396,00
365,70	2398,00
366,49	2396,00
367,29	2395,00
368,08	2397,00
368,88	2397,00
369,67	2397,00
370,47	2396,00
371,26	2396,00
372,06	2395,00
372,85	2397,00
373,65	2396,00
374,44	2398,00
375,24	2397,00
376,03	2396,00
376,83	2397,00
377,62	2398,00
378,41	2397,00
379,21	2396,00
380,00	2392,00
380,80	2397,00
381,59	2399,00
382,38	2395,00
383,18	2396,00
383,97	2398,00
384,76	2396,00
385,56	2397,00
386,35	2397,00
387,14	2398,00
387,93	2398,00
388,73	2398,00
389,52	2399,00
390,31	2398,00
391,10	2398,00
391,90	2398,00
392,69	2395,00
393,48	2396,00
394,27	2397,00
395,06	2397,00
395,86	2396,00
396,65	2398,00
397,44	2397,00
398,23	2398,00
399,02	2397,00
399,81	2397,00
400,60	2397,00
401,40	2396,00
402,19	2398,00
402,98	2399,00
403,77	2397,00
404,56	2397,00
405,35	2397,00
406,14	2398,00
406,93	2397,00
407,72	2397,00
408,51	2397,00
409,30	2399,00
410,09	2398,00
410,88	2396,00
411,67	2397,00
412,46	2400,00
413,25	2397,00
414,04	2400,00
414,83	2402,00
415,62	2400,00
416,41	2397,00
417,20	2398,00
417,99	2399,00
418,78	2399,00
419,56	2398,00
420,35	2400,00
421,14	2397,00
421,93	2397,00
422,72	2397,00
423,51	2399,00
424,30	2399,00
425,08	2400,00
425,87	2397,00
426,66	2398,00
427,45	2399,00
428,24	2398,00
429,02	2398,00
429,81	2398,00
430,60	2397,00
431,39	2398,00
432,17	2399,00
432,96	2398,00
433,75	2399,00
434,53	2398,00
435,32	2399,00
436,11	2401,00
436,89	2400,00
437,68	2400,00
438,47	2398,00
439,25	2398,00
440,04	2399,00
440,83	2398,00
441,61	2398,00
442,40	2398,00
443,18	2398,00
443,97	2398,00
444,76	2399,00
445,54	2397,00
446,33	2397,00
447,11	2400,00
447,90	2399,00
448,68	2401,00
449,47	2398,00
450,25	2400,00
451,04	2399,00
451,82	2400,00
452,61	2399,00
453,39	2399,00
454,18	2399,00
454,96	2399,00
455,75	2398,00
456,53	2399,00
457,32	2398,00
458,10	2397,00
458,88	2397,00
459,67	2398,00
460,45	2399,00
461,24	2399,00
462,02	2399,00
462,80	2399,00
463,59	2399,00
464,37	2399,00
465,15	2398,00
465,94	2399,00
466,72	2399,00
467,50	2401,00
468,29	2396,00
469,07	2399,00
469,85	2398,00
470,63	2400,00
471,42	2398,00
472,20	2401,00
472,98	2398,00
473,76	2396,00
474,55	2401,00
475,33	2400,00
476,11	2396,00
476,89	2398,00
477,67	2398,00
478,46	2399,00
479,24	2399,00
480,02	2399,00
480,80	2398,00
481,58	2399,00
482,36	2397,00
483,14	2396,00
483,92	2400,00
484,71	2399,00
485,49	2399,00
486,27	2399,00
487,05	2399,00
487,83	2399,00
488,61	2398,00
489,39	2399,00
490,17	2398,00
490,95	2399,00
491,73	2399,00
492,51	2400,00
493,29	2399,00
494,07	2399,00
494,85	2398,00
495,63	2398,00
496,41	2398,00
497,19	2400,00
497,97	2398,00
498,75	2399,00
499,53	2400,00
500,31	2400,00
501,08	2398,00
501,86	2399,00
502,64	2399,00
503,42	2397,00
504,20	2396,00
504,98	2397,00
505,76	2395,00
506,54	2398,00
507,31	2396,00
508,09	2397,00
508,87	2398,00
509,65	2396,00
510,43	2398,00
511,20	2398,00
511,98	2398,00
512,76	2397,00
513,54	2400,00
514,31	2398,00
515,09	2399,00
515,87	2397,00
516,65	2395,00
517,42	2398,00
518,20	2398,00
518,98	2396,00
519,76	2396,00
520,53	2398,00
521,31	2398,00
522,09	2395,00
522,86	2396,00
523,64	2399,00
524,41	2398,00
525,19	2396,00
525,97	2396,00
526,74	2397,00
527,52	2396,00
528,29	2399,00
529,07	2398,00
529,85	2400,00
530,62	2397,00
531,40	2396,00
532,17	2395,00
532,95	2397,00
533,72	2394,00
534,50	2398,00
535,27	2399,00
536,05	2397,00
536,82	2396,00
537,60	2398,00
538,37	2396,00
539,15	2398,00
539,92	2398,00
540,70	2397,00
541,47	2398,00
542,25	2401,00
543,02	2397,00
543,79	2400,00
544,57	2399,00
545,34	2399,00
546,12	2399,00
546,89	2400,00
547,66	2400,00
548,44	2399,00
549,21	2397,00
549,98	2399,00
550,76	2397,00
551,53	2396,00
552,30	2394,00
553,08	2396,00
553,85	2396,00
554,62	2398,00
555,40	2397,00
556,17	2397,00
556,94	2395,00
557,71	2397,00
558,49	2396,00
559,26	2398,00
560,03	2396,00
560,80	2395,00
561,57	2394,00
562,35	2396,00
563,12	2396,00
563,89	2395,00
564,66	2397,00
565,43	2397,00
566,21	2395,00
566,98	2396,00
567,75	2394,00
568,52	2394,00
569,29	2396,00
570,06	2395,00
570,83	2396,00
571,60	2396,00
572,38	2395,00
573,15	2397,00
573,92	2396,00
574,69	2396,00
575,46	2395,00
576,23	2397,00
577,00	2396,00
577,77	2399,00
578,54	2398,00
579,31	2396,00
580,08	2395,00
580,85	2396,00
581,62	2395,00
582,39	2396,00
583,16	2398,00
583,93	2395,00
584,70	2395,00
585,47	2397,00
586,24	2397,00
587,01	2397,00
587,78	2396,00
588,54	2398,00
589,31	2399,00
590,08	2397,00
590,85	2396,00
591,62	2397,00
592,39	2396,00
593,16	2399,00
593,93	2397,00
594,69	2398,00
595,46	2397,00
596,23	2397,00
597,00	2396,00
597,77	2397,00
598,54	2398,00
599,30	2399,00
600,07	2397,00
600,84	2399,00
601,61	2395,00
602,37	2395,00
603,14	2398,00
603,91	2399,00
604,68	2396,00
605,44	2398,00
606,21	2399,00
606,98	2397,00
607,75	2396,00
608,51	2399,00
609,28	2400,00
610,05	2399,00
610,81	2398,00
611,58	2407,00
612,35	2407,00
613,11	2402,00
613,88	2401,00
614,65	2401,00
615,41	2402,00
616,18	2399,00
616,94	2398,00
617,71	2399,00
618,48	2399,00
619,24	2399,00
620,01	2397,00
620,77	2399,00
621,54	2397,00
622,30	2400,00
623,07	2399,00
623,83	2400,00
624,60	2401,00
625,36	2401,00
626,13	2399,00
626,89	2400,00
627,66	2399,00
628,42	2398,00
629,19	2397,00
629,95	2399,00
630,72	2400,00
631,48	2399,00
632,25	2400,00
633,01	2399,00
633,78	2400,00
634,54	2399,00
635,30	2401,00
636,07	2398,00
636,83	2400,00
637,60	2401,00
638,36	2398,00
639,12	2399,00
639,89	2399,00
640,65	2401,00
641,41	2397,00
642,18	2399,00
642,94	2399,00
643,70	2398,00
644,47	2398,00
645,23	2401,00
645,99	2399,00
646,75	2401,00
647,52	2401,00
648,28	2400,00
649,04	2398,00
649,81	2399,00
650,57	2398,00
651,33	2398,00
652,09	2400,00
652,85	2399,00
653,62	2400,00
654,38	2400,00
655,14	2400,00
655,90	2400,00
656,66	2400,00
657,43	2402,00
658,19	2398,00
658,95	2399,00
659,71	2399,00
660,47	2402,00
661,23	2399,00
661,99	2399,00
662,76	2400,00
663,52	2402,00
664,28	2398,00
665,04	2398,00
665,80	2396,00
666,56	2400,00
667,32	2398,00
668,08	2399,00
668,84	2401,00
669,60	2400,00
670,36	2398,00
671,12	2401,00
671,88	2398,00
672,64	2399,00
673,40	2398,00
674,16	2402,00
674,92	2397,00
675,68	2398,00
676,44	2401,00
677,20	2401,00
677,96	2399,00
678,72	2398,00
679,48	2401,00
680,24	2399,00
681,00	2399,00
681,76	2398,00
682,52	2397,00
683,28	2401,00
684,04	2398,00
684,80	2398,00
685,55	2398,00
686,31	2398,00
687,07	2400,00
687,83	2400,00
688,59	2400,00
689,35	2401,00
690,11	2398,00
690,86	2400,00
691,62	2399,00
692,38	2396,00
693,14	2399,00
693,90	2399,00
694,65	2400,00
695,41	2400,00
696,17	2397,00
696,93	2400,00
697,69	2399,00
698,44	2399,00
699,20	2399,00
699,96	2399,00
700,72	2400,00
701,47	2400,00
702,23	2396,00
702,99	2399,00
703,74	2399,00
704,50	2398,00
705,26	2397,00
706,01	2399,00
706,77	2400,00
707,53	2397,00
708,28	2399,00
709,04	2400,00
709,80	2399,00
710,55	2399,00
711,31	2399,00
712,07	2400,00
712,82	2402,00
713,58	2400,00
714,33	2400,00
715,09	2399,00
715,85	2397,00
716,60	2399,00
717,36	2402,00
718,11	2399,00
718,87	2399,00
719,62	2400,00
720,38	2399,00
721,13	2401,00
721,89	2397,00
722,64	2400,00
723,40	2396,00
724,15	2402,00
724,91	2399,00
725,66	2399,00
726,42	2399,00
727,17	2400,00
727,93	2398,00
728,68	2398,00
729,44	2395,00
730,19	2397,00
730,95	2398,00
731,70	2399,00
732,45	2401,00
733,21	2401,00
733,96	2400,00
734,72	2399,00
735,47	2397,00
736,22	2399,00
736,98	2398,00
737,73	2397,00
738,48	2399,00
739,24	2398,00
739,99	2397,00
740,74	2399,00
741,50	2399,00
742,25	2400,00
743,00	2399,00
743,76	2398,00
744,51	2396,00
745,26	2398,00
746,02	2399,00
746,77	2397,00
747,52	2398,00
748,27	2398,00
749,03	2396,00
749,78	2400,00
750,53	2397,00
751,28	2396,00
752,04	2397,00
752,79	2400,00
753,54	2396,00
754,29	2398,00
755,04	2396,00
755,80	2400,00
756,55	2397,00
757,30	2397,00
758,05	2399,00
758,80	2400,00
759,55	2398,00
760,31	2400,00
761,06	2399,00
761,81	2399,00
762,56	2398,00
763,31	2399,00
764,06	2396,00
764,81	2401,00
765,56	2399,00
766,31	2402,00
767,07	2402,00
767,82	2401,00
768,57	2402,00
769,32	2401,00
770,07	2402,00
770,82	2402,00
771,57	2400,00
772,32	2401,00
773,07	2401,00
773,82	2403,00
774,57	2401,00
775,32	2401,00
776,07	2403,00
776,82	2404,00
777,57	2400,00
778,32	2403,00
779,07	2401,00
779,82	2402,00
780,57	2399,00
781,32	2401,00
782,07	2405,00
782,82	2403,00
783,57	2404,00
784,31	2404,00
785,06	2405,00
785,81	2408,00
786,56	2405,00
787,31	2408,00
788,06	2408,00
788,81	2409,00
789,56	2410,00
790,31	2409,00
791,05	2408,00
791,80	2408,00
792,55	2411,00
793,30	2417,00
794,05	2415,00
794,80	2413,00
795,54	2418,00
796,29	2416,00
797,04	2418,00
797,79	2420,00
798,54	2417,00
799,28	2422,00
800,03	2422,00
800,78	2421,00
801,53	2426,00
802,27	2428,00
803,02	2428,00
803,77	2430,00
804,52	2433,00
805,26	2436,00
806,01	2434,00
806,76	2438,00
807,51	2439,00
808,25	2439,00
809,00	2439,00
809,75	2442,00
810,49	2442,00
811,24	2446,00
811,99	2447,00
812,73	2449,00
813,48	2454,00
814,23	2452,00
814,97	2452,00
815,72	2457,00
816,46	2460,00
817,21	2465,00
817,96	2467,00
818,70	2463,00
819,45	2474,00
820,20	2474,00
820,94	2476,00
821,69	2476,00
822,43	2479,00
823,18	2478,00
823,92	2484,00
824,67	2486,00
825,41	2483,00
826,16	2486,00
826,91	2486,00
827,65	2491,00
828,40	2490,00
829,14	2488,00
829,89	2492,00
830,63	2492,00
831,38	2495,00
832,12	2490,00
832,87	2490,00
833,61	2487,00
834,35	2486,00
835,10	2484,00
835,84	2484,00
836,59	2483,00
837,33	2480,00
838,08	2475,00
838,82	2476,00
839,57	2471,00
840,31	2468,00
841,05	2466,00
841,80	2466,00
842,54	2457,00
843,29	2454,00
844,03	2450,00
844,77	2447,00
845,52	2446,00
846,26	2441,00
847,00	2437,00
847,75	2436,00
848,49	2434,00
849,23	2432,00
849,98	2428,00
850,72	2425,00
851,46	2425,00
852,21	2419,00
852,95	2423,00
853,69	2421,00
854,44	2416,00
855,18	2417,00
855,92	2415,00
856,66	2413,00
857,41	2410,00
858,15	2409,00
858,89	2410,00
859,63	2408,00
860,38	2408,00
861,12	2407,00
861,86	2404,00
862,60	2405,00
863,35	2406,00
864,09	2406,00
864,83	2406,00
865,57	2403,00
866,31	2405,00
867,05	2402,00
867,80	2404,00
868,54	2401,00
869,28	2400,00
870,02	2398,00
870,76	2401,00
871,50	2401,00
872,25	2399,00
872,99	2401,00
873,73	2401,00
874,47	2399,00
875,21	2399,00
875,95	2400,00
876,69	2402,00
877,43	2399,00
878,17	2400,00
878,91	2398,00
879,66	2401,00
880,40	2399,00
881,14	2398,00
881,88	2397,00
882,62	2399,00
883,36	2399,00
884,10	2400,00
884,84	2399,00
885,58	2398,00
886,32	2396,00
887,06	2397,00
887,80	2398,00
888,54	2399,00
889,28	2398,00
890,02	2398,00
890,76	2400,00
891,50	2396,00
892,24	2399,00
892,98	2399,00
893,72	2399,00
894,46	2399,00
895,20	2397,00
895,94	2399,00
896,68	2399,00
897,41	2400,00
898,15	2397,00
898,89	2398,00
899,63	2400,00
900,37	2401,00
901,11	2398,00
901,85	2400,00
902,59	2399,00
903,33	2400,00
904,06	2399,00
904,80	2399,00
905,54	2399,00
906,28	2398,00
907,02	2397,00
907,76	2398,00
908,50	2398,00
909,23	2399,00
909,97	2399,00
910,71	2399,00
911,45	2398,00
912,19	2399,00
912,92	2399,00
913,66	2401,00
914,40	2399,00
915,14	2398,00
915,88	2399,00
916,61	2400,00
917,35	2400,00
918,09	2398,00
918,83	2397,00
919,56	2401,00
920,30	2398,00
921,04	2399,00
921,78	2401,00
922,51	2398,00
923,25	2398,00
923,99	2398,00
924,72	2399,00
925,46	2399,00
926,20	2399,00
926,93	2398,00
927,67	2399,00
928,41	2398,00
929,15	2397,00
929,88	2399,00
930,62	2399,00
931,35	2396,00
932,09	2396,00
932,83	2399,00
933,56	2399,00
934,30	2399,00
935,04	2398,00
935,77	2397,00
936,51	2398,00
937,24	2398,00
937,98	2401,00
938,72	2398,00
939,45	2399,00
940,19	2398,00
940,92	2396,00
941,66	2399,00
942,40	2398,00
943,13	2397,00
943,87	2399,00
944,60	2399,00
945,34	2397,00
946,07	2398,00
946,81	2395,00
947,54	2398,00
948,28	2399,00
949,01	2397,00
949,75	2395,00
950,48	2398,00
951,22	2398,00
951,95	2399,00
952,69	2395,00
953,42	2395,00
954,16	2398,00
954,89	2399,00
955,63	2398,00
956,36	2399,00
957,10	2396,00
957,83	2396,00
958,56	2396,00
959,30	2398,00
960,03	2397,00
960,77	2397,00
961,50	2395,00
962,24	2398,00
962,97	2397,00
963,70	2397,00
964,44	2395,00
965,17	2397,00
965,91	2398,00
966,64	2397,00
967,37	2396,00
968,11	2396,00
968,84	2394,00
969,57	2397,00
970,31	2397,00
971,04	2398,00
971,77	2394,00
972,51	2396,00
973,24	2397,00
973,97	2396,00
974,71	2396,00
975,44	2395,00
976,17	2396,00
976,91	2397,00
977,64	2395,00
978,37	2398,00
979,10	2398,00
979,84	2394,00
980,57	2395,00
981,30	2397,00
982,04	2394,00
982,77	2396,00
983,50	2394,00
984,23	2396,00
984,97	2394,00
985,70	2395,00
986,43	2395,00
987,16	2395,00
987,89	2393,00
988,63	2397,00
989,36	2395,00
990,09	2395,00
990,82	2396,00
991,55	2396,00
992,29	2396,00
993,02	2395,00
993,75	2395,00
994,48	2395,00
995,21	2396,00
995,94	2395,00
996,68	2395,00
997,41	2394,00
998,14	2395,00
998,87	2398,00
999,60	2393,00
1000,33	2396,00
1001,06	2396,00
1001,80	2397,00
1002,53	2394,00
1003,26	2399,00
1003,99	2396,00
1004,72	2396,00
1005,45	2395,00
1006,18	2396,00
1006,91	2393,00
1007,64	2396,00
1008,37	2395,00
1009,10	2395,00
1009,83	2396,00
1010,57	2396,00
1011,30	2395,00
1012,03	2397,00
1012,76	2396,00
1013,49	2397,00
1014,22	2396,00
1014,95	2396,00
1015,68	2395,00
1016,41	2394,00
1017,14	2396,00
1017,87	2397,00
1018,60	2397,00
1019,33	2395,00
1020,06	2395,00
1020,79	2397,00
1021,52	2396,00
1022,25	2397,00
1022,98	2394,00
1023,71	2398,00
1024,44	2398,00
1025,16	2393,00
1025,89	2393,00
1026,62	2397,00
1027,35	2395,00
1028,08	2397,00
1028,81	2396,00
1029,54	2395,00
1030,27	2397,00
1031,00	2395,00
1031,73	2396,00
1032,46	2397,00
1033,19	2395,00
1033,91	2395,00
1034,64	2396,00
1035,37	2393,00
1036,10	2396,00
1036,83	2394,00
1037,56	2394,00
1038,29	2398,00
1039,02	2397,00
1039,74	2397,00
1040,47	2396,00
1041,20	2397,00
1041,93	2396,00
1042,66	2396,00
1043,39	2396,00
1044,11	2397,00
1044,84	2395,00
1045,57	2397,00
1046,30	2394,00
1047,03	2397,00
1047,75	2395,00
1048,48	2397,00
1049,21	2398,00
1049,94	2395,00
1050,67	2396,00
1051,39	2395,00
1052,12	2397,00
1052,85	2397,00
1053,58	2396,00
1054,30	2398,00
1055,03	2398,00
1055,76	2398,00
1056,49	2395,00
1057,21	2395,00
1057,94	2396,00
1058,67	2397,00
1059,39	2396,00
1060,12	2398,00
1060,85	2398,00
1061,58	2398,00
1062,30	2396,00
1063,03	2398,00
1063,76	2395,00
1064,48	2398,00
1065,21	2398,00
1065,94	2396,00
1066,66	2397,00
1067,39	2398,00
1068,12	2396,00
1068,84	2398,00
1069,57	2395,00
1070,30	2397,00
1071,02	2399,00
1071,75	2400,00
1072,48	2396,00
1073,20	2398,00
1073,93	2397,00
1074,65	2396,00
1075,38	2395,00
1076,11	2395,00
1076,83	2398,00
1077,56	2398,00
1078,28	2396,00
1079,01	2396,00
1079,74	2399,00
1080,46	2397,00
1081,19	2395,00
1081,91	2396,00
1082,64	2398,00
1083,36	2399,00
1084,09	2397,00
1084,82	2398,00
1085,54	2397,00
1086,27	2399,00
1086,99	2398,00
1087,72	2397,00
1088,44	2398,00
1089,17	2395,00
1089,89	2395,00
1090,62	2400,00
1091,34	2397,00
1092,07	2398,00
1092,79	2399,00
1093,52	2399,00
1094,24	2396,00
1094,97	2396,00
1095,69	2398,00
1096,42	2399,00
1097,14	2396,00
1097,87	2396,00
1098,59	2396,00
1099,32	2399,00
1100,04	2396,00
1100,76	2396,00
1101,49	2397,00
1102,21	2397,00
1102,94	2397,00
1103,66	2398,00
1104,39	2397,00
1105,11	2399,00
1105,83	2396,00
1106,56	2396,00
1107,28	2399,00
1108,01	2398,00
1108,73	2395,00
1109,46	2398,00
1110,18	2399,00
1110,90	2399,00
1111,63	2397,00
1112,35	2398,00
1113,07	2399,00
1113,80	2397,00
1114,52	2401,00
1115,25	2399,00
1115,97	2401,00
1116,69	2398,00
1117,42	2398,00
1118,14	2398,00
1118,86	2398,00
1119,59	2398,00
1120,31	2397,00
1121,03	2398,00
1121,76	2398,00
1122,48	2399,00
1123,20	2393,00
1123,93	2393,00
1124,65	2395,00
1125,37	2394,00
1126,09	2395,00
1126,82	2393,00
1127,54	2393,00
1128,26	2397,00
1128,99	2396,00
1129,71	2398,00
1130,43	2399,00
1131,15	2401,00
1131,88	2400,00
1132,60	2398,00
1133,32	2397,00
1134,04	2398,00
1134,77	2398,00
1135,49	2399,00
1136,21	2397,00
